2616.58 95.5272
-1298.21 72.663
-2882.73 49.2506
-3755.48 45.7596
-4632.12 53.9703
-5380.16 43.6535
-6014.99 60.1399
-6489.66 106.423
-6898.1 113.976
-7249.06 60.7252
-7548.19 113.942
-7781.54 115.002
-8018.72 101.565
-8218.59 130.511
-8424.16 114.537
-8650.4 111.463
-8805.22 109.229
-8914.12 112.704
-9048.65 99.7377
-9121.9 74.4918
-9263.71 76.3973
-9373.8 84.4035
-9427.09 87.7616
-9476 78.1098
-9532.07 78.3263
-9597.67 98.0981
-9662.35 100.629
-9680.98 105.42
-9731.95 107.354
-9760.56 97.2378
-9802.9 107.445
-9831.54 119.124
-9856.22 136.761
-9898 144.555
-9894.28 141.961
-9917.63 145.616
-9946.37 133.311
-9969.58 122.805
-9984.63 130.35
-10003.1 119.355
-10043.4 108.862
-10062.8 109.037
-10082.4 87.4567
-10097.1 76.432
-10109.2 65.3965
-10145.6 72.1167
-10160.8 58.2149
-10186.8 67.4704
-10213.3 88.8512
-10218.1 93.4867
-10235.7 108.707
-10247.6 102.221
-10269.8 105.88
-10289.1 108.151
-10299.2 107.377
-10312 98.1438
-10329.6 98.9928
-10327.1 103
-10342.1 102.007
-10352.9 104.291
-10354.2 88.2906
-10370.2 78.3037
-10391.9 92.5672
-10388.5 89.6093
-10399.5 96.4613
-10427.8 98.3111
-10425.5 97.3114
-10436.5 86.1009
-10466.4 101.946
-10473.7 114.769
-10476.5 98.6343
-10485.6 93.573
-10508.3 98.1172
-10511.6 80.3812
-10525 103.913
-10553.5 87.3929
-10566.6 82.3115
-10572 72.7265
-10585.2 66.1455
-10586.7 71.4617
-10608.1 66.0362
-10606 67.3909
-10610.6 69.6519
-10619.7 83.452
-10627.7 63.6282
-10623.7 78.4567
-10631 69.1614
-10642.3 71.8133
-10677.4 57.8591
-10673.6 58.112
-10682.1 75.1289
-10696.6 53.6277
-10703.8 51.4056
-10715.5 51.9485
-10719.7 51.8779
-10733.9 50.9796
-10738 49.4728
-10757.2 39.7126
-10759.9 35.8979
-10794.6 37.6303
